298 925
1 11
1 37
1 170
1 180
1 211
1 240
1 242
1 272
2 15
2 17
2 23
2 24
2 25
2 29
2 32
2 42
2 60
2 65
2 66
2 78
2 80
2 105
2 120
2 164
2 186
2 192
2 195
2 232
2 284
2 285
3 19
3 20
3 23
3 27
3 44
3 67
3 74
3 86
3 88
3 113
3 153
3 159
3 170
3 196
3 233
3 234
3 240
4 13
4 18
4 57
4 69
4 148
4 285
5 20
5 27
5 28
5 52
5 63
5 67
5 74
5 86
5 88
5 109
5 159
5 180
5 196
5 228
5 233
5 234
5 240
5 274
6 30
6 35
6 47
6 64
6 95
6 138
6 158
6 170
6 196
6 198
6 232
6 242
7 42
7 46
7 67
7 72
7 78
7 130
7 139
7 163
7 180
7 196
7 232
8 13
8 15
8 18
8 152
8 264
9 10
9 55
9 99
9 284
10 9
10 76
10 114
11 1
11 20
11 21
11 25
11 29
11 31
11 32
11 38
11 50
11 63
11 65
11 89
11 134
11 139
11 166
11 168
11 171
11 179
11 199
12 21
12 39
12 50
12 83
12 84
12 143
12 174
12 198
12 230
12 238
12 244
13 4
13 8
13 148
13 184
13 213
13 264
13 271
14 38
14 39
14 56
14 70
14 79
14 102
14 147
14 175
14 176
14 198
14 217
15 2
15 8
15 36
15 71
15 256
15 275
16 34
16 46
16 48
16 56
16 61
16 90
16 106
16 111
16 139
16 141
16 142
16 147
16 177
16 198
16 252
16 257
16 260
17 2
17 26
17 36
17 49
17 59
17 80
17 83
17 105
17 110
17 116
17 125
17 185
17 192
17 195
17 232
18 4
18 8
18 44
18 52
18 148
18 169
18 204
19 3
19 22
19 34
19 42
19 43
19 44
19 53
19 58
19 72
19 84
19 95
19 100
19 105
19 127
19 130
19 183
19 187
19 197
19 225
19 226
20 3
20 5
20 11
20 79
20 89
20 109
20 112
20 122
20 136
20 148
20 153
20 167
20 179
20 224
20 232
21 11
21 12
21 30
21 33
21 38
21 42
21 85
21 101
22 19
22 26
22 27
22 32
22 76
22 99
22 136
23 2
23 3
23 28
23 29
23 32
23 35
23 59
23 60
23 74
23 78
23 86
23 92
23 104
23 123
23 180
23 243
24 2
24 51
24 54
24 63
24 66
24 85
24 91
24 102
24 130
24 158
24 165
24 193
24 197
25 2
25 11
25 143
25 193
26 17
26 22
26 36
26 45
26 52
26 59
26 64
26 73
26 78
26 88
26 97
26 135
26 147
26 183
26 195
26 196
26 206
27 3
27 5
27 22
27 34
27 38
27 43
27 46
27 52
27 58
27 67
27 70
27 80
27 88
27 97
27 105
27 123
27 151
27 183
27 187
28 5
28 23
28 69
28 132
28 145
28 170
28 242
29 2
29 11
29 23
29 38
29 42
29 61
29 77
29 95
29 129
29 135
30 6
30 21
30 42
30 54
30 68
30 96
30 100
30 110
30 130
30 144
30 161
30 212
30 238
31 11
31 42
31 43
31 47
31 94
31 114
31 172
31 173
31 199
31 232
32 2
32 11
32 22
32 23
32 35
32 36
32 38
32 44
32 45
32 73
32 86
32 88
32 91
32 92
32 97
32 104
32 117
32 164
32 183
32 195
32 196
32 219
33 21
33 46
33 48
33 53
33 57
33 129
33 191
33 200
33 201
34 16
34 19
34 27
34 60
34 67
34 68
34 91
34 137
34 138
34 177
34 213
35 6
35 23
35 32
35 42
35 44
35 87
35 90
35 133
35 201
35 231
36 15
36 17
36 26
36 32
36 58
36 71
36 202
36 278
37 1
37 44
37 45
37 52
38 11
38 14
38 21
38 27
38 29
38 32
38 60
38 72
38 77
38 85
38 119
38 182
38 194
38 249
39 12
39 14
39 107
39 149
39 150
39 188
39 200
39 239
39 257
40 114
41 93
41 97
41 103
41 117
41 127
41 138
41 142
41 175
41 206
41 219
41 225
41 260
42 2
42 7
42 19
42 21
42 29
42 30
42 31
42 35
42 50
42 54
42 64
42 80
42 128
42 158
42 164
42 182
42 199
42 225
43 19
43 27
43 31
43 99
43 172
43 179
43 189
43 220
44 3
44 18
44 19
44 32
44 35
44 37
44 67
44 74
44 78
44 91
44 114
44 123
44 129
44 132
44 145
44 148
44 153
44 166
44 170
44 186
44 195
44 196
44 211
44 216
45 26
45 32
45 37
45 62
46 7
46 16
46 27
46 33
46 48
46 52
46 59
46 63
46 89
46 127
46 168
47 6
47 31
47 64
47 79
47 82
47 96
47 125
47 182
48 16
48 33
48 46
48 61
48 78
48 84
48 138
48 156
48 191
48 200
48 217
48 230
48 260
49 17
49 130
49 135
49 160
49 165
50 11
50 12
50 42
50 53
50 147
50 215
50 230
51 24
51 117
51 154
51 158
51 193
51 245
52 5
52 18
52 26
52 27
52 37
52 46
52 64
52 67
52 74
52 91
52 92
52 100
52 114
52 120
52 123
52 132
52 148
52 166
52 171
52 180
52 185
52 186
52 195
52 196
52 204
52 211
52 216
53 19
53 33
53 50
53 56
53 130
53 131
53 135
53 138
53 146
53 150
53 162
53 219
53 237
53 244
53 251
54 24
54 30
54 42
54 89
55 9
55 60
55 68
55 92
55 99
55 114
55 129
55 159
55 172
55 189
55 196
55 265
55 284
56 14
56 16
56 53
56 82
56 162
56 163
56 244
57 4
57 33
57 67
57 76
57 86
57 99
57 104
57 132
57 213
58 19
58 27
58 36
58 126
58 140
58 195
58 276
59 17
59 23
59 26
59 46
59 67
59 68
59 69
59 94
59 119
59 129
59 131
59 153
59 170
59 185
59 222
60 2
60 23
60 34
60 38
60 55
60 67
60 86
60 88
60 91
60 104
60 151
60 172
60 257
61 16
61 29
61 48
61 115
61 118
61 156
61 176
61 198
62 45
62 81
62 109
62 113
63 5
63 11
63 24
63 46
63 199
63 225
64 6
64 26
64 42
64 47
64 52
64 72
64 91
64 115
64 181
64 255
64 259
64 261
65 2
65 11
65 256
65 267
65 277
66 2
66 24
66 111
66 158
66 165
67 3
67 5
67 7
67 27
67 34
67 44
67 52
67 57
67 59
67 60
67 68
67 69
67 95
67 132
67 151
67 208
68 30
68 34
68 55
68 59
68 67
68 88
68 89
68 91
68 95
68 104
68 123
68 172
68 257
68 285
69 4
69 28
69 59
69 67
69 76
69 86
69 99
69 104
69 131
70 14
70 27
70 77
70 102
70 117
70 134
70 141
70 167
70 176
71 15
71 36
71 278
71 279
71 285
72 7
72 19
72 38
72 64
72 80
72 85
72 91
72 92
72 197
72 212
73 26
73 32
73 81
73 105
74 3
74 5
74 23
74 44
74 52
74 83
74 92
74 95
74 151
74 161
75 270
75 275
75 285
76 10
76 22
76 57
76 69
76 95
76 140
76 151
76 266
76 285
77 29
77 38
77 70
77 84
77 85
77 97
77 146
77 206
77 217
77 226
77 231
77 237
78 2
78 7
78 23
78 26
78 44
78 48
78 83
78 85
78 97
78 108
78 120
78 127
78 203
78 206
79 14
79 20
79 47
79 150
79 203
79 209
79 212
80 2
80 17
80 27
80 42
80 72
80 98
81 62
81 73
82 47
82 56
82 87
82 93
82 117
82 146
82 161
82 175
82 182
82 226
83 12
83 17
83 74
83 78
83 111
83 118
83 125
83 154
83 171
84 12
84 19
84 48
84 77
84 97
84 108
84 141
84 167
84 224
84 239
85 21
85 24
85 38
85 72
85 77
85 78
85 96
85 225
86 3
86 5
86 23
86 32
86 57
86 60
86 69
86 94
86 107
86 129
86 185
87 35
87 82
87 157
87 215
88 3
88 5
88 26
88 27
88 32
88 60
88 68
88 94
88 99
88 104
88 159
88 172
88 180
88 196
88 285
89 11
89 20
89 46
89 54
89 68
89 91
89 118
89 138
89 151
89 175
89 176
89 194
90 16
90 35
90 100
90 133
90 237
91 24
91 32
91 34
91 44
91 52
91 60
91 64
91 68
91 72
91 89
92 23
92 32
92 52
92 55
92 72
92 74
92 117
92 121
92 135
92 163
92 204
92 208
92 272
93 41
93 82
93 141
93 144
94 31
94 59
94 86
94 88
94 113
94 137
94 218
94 264
95 6
95 19
95 29
95 67
95 68
95 74
95 76
95 106
95 118
95 120
96 30
96 47
96 85
96 141
96 162
96 206
96 209
97 26
97 27
97 32
97 41
97 77
97 78
97 84
97 106
97 142
97 149
97 249
98 80
98 127
98 154
98 165
99 9
99 22
99 43
99 55
99 57
99 69
99 88
99 137
99 218
99 250
100 19
100 30
100 52
100 90
100 123
100 209
100 225
101 21
101 108
101 122
101 209
101 255
102 14
102 24
102 70
102 150
102 156
102 177
102 203
103 41
104 23
104 32
104 57
104 60
104 68
104 69
104 88
104 109
104 123
104 137
104 218
104 264
105 2
105 17
105 19
105 27
105 73
105 186
106 16
106 95
106 97
106 116
106 120
106 127
106 143
106 163
107 39
107 86
107 127
107 142
108 78
108 84
108 101
108 150
108 217
108 239
109 5
109 20
109 62
109 104
109 113
109 194
110 17
110 30
110 125
110 160
110 241
111 16
111 66
111 83
111 118
111 171
111 197
111 215
112 20
112 162
113 3
113 62
113 94
113 109
113 194
114 10
114 31
114 40
114 44
114 52
114 55
114 173
114 232
115 61
115 64
115 184
115 191
115 260
116 17
116 106
116 139
116 154
117 32
117 41
117 51
117 70
117 82
117 92
118 61
118 83
118 89
118 95
118 111
118 203
119 38
119 59
119 184
119 194
119 229
120 2
120 52
120 78
120 95
120 106
120 127
120 262
121 92
121 123
121 214
122 20
122 101
122 147
122 162
123 23
123 27
123 44
123 52
123 68
123 100
123 104
123 121
123 129
123 135
124 150
124 174
125 17
125 47
125 83
125 110
125 133
126 58
126 267
126 276
126 285
127 19
127 41
127 46
127 78
127 98
127 106
127 107
127 120
127 146
128 42
128 154
128 185
129 29
129 33
129 44
129 55
129 59
129 86
129 123
129 131
129 174
129 204
130 7
130 19
130 24
130 30
130 49
130 53
130 151
130 157
130 199
130 205
131 53
131 59
131 69
131 129
131 210
131 257
132 28
132 44
132 52
132 57
132 67
132 153
133 35
133 90
133 125
134 11
134 70
135 26
135 29
135 49
135 53
135 92
135 123
136 20
136 22
136 216
137 34
137 94
137 99
137 104
137 218
137 285
138 6
138 34
138 41
138 48
138 53
138 89
138 164
138 219
139 7
139 11
139 16
139 116
139 261
140 58
140 76
140 169
140 187
141 16
141 70
141 84
141 93
141 96
141 177
141 206
141 239
142 16
142 41
142 97
142 107
142 167
142 252
143 12
143 25
143 106
143 154
143 193
144 30
144 93
144 201
144 203
144 252
145 28
145 44
145 208
145 211
146 53
146 77
146 82
146 127
146 175
146 177
146 190
146 217
147 14
147 16
147 26
147 50
147 122
147 229
148 4
148 13
148 18
148 20
148 44
148 52
148 169
148 213
149 39
149 97
149 167
150 39
150 53
150 79
150 102
150 108
150 124
151 27
151 60
151 67
151 74
151 76
151 89
151 130
152 8
152 155
153 3
153 20
153 44
153 59
153 132
153 170
153 272
154 51
154 83
154 98
154 116
154 128
154 143
155 152
155 169
155 279
156 48
156 61
156 102
156 191
157 87
157 130
158 6
158 24
158 42
158 51
158 66
158 262
159 3
159 5
159 55
159 88
159 172
159 220
160 49
160 110
160 181
160 205
161 30
161 74
161 82
162 53
162 56
162 96
162 112
162 122
162 219
162 226
162 252
163 7
163 56
163 92
163 106
163 203
163 206
164 2
164 32
164 42
164 138
164 205
165 24
165 49
165 66
165 98
166 11
166 44
166 52
166 195
166 202
166 266
167 20
167 70
167 84
167 142
167 149
167 198
168 11
168 46
169 18
169 140
169 148
169 155
170 1
170 3
170 6
170 28
170 44
170 59
170 153
170 180
171 11
171 52
171 83
171 111
171 259
172 31
172 43
172 55
172 60
172 68
172 88
172 159
172 179
172 284
173 31
173 114
173 183
174 12
174 124
174 129
174 188
175 14
175 41
175 82
175 89
175 146
175 176
176 14
176 61
176 70
176 89
176 175
176 255
177 16
177 34
177 102
177 141
177 146
177 215
178 181
179 11
179 20
179 43
179 172
179 187
180 1
180 5
180 7
180 23
180 52
180 88
180 170
181 64
181 160
181 178
181 184
181 257
182 38
182 42
182 47
182 82
183 19
183 26
183 27
183 32
183 173
183 186
183 266
184 13
184 115
184 119
184 181
184 258
185 17
185 52
185 59
185 86
185 128
185 257
186 2
186 44
186 52
186 105
186 183
187 19
187 27
187 140
187 179
188 39
188 174
188 261
189 43
189 55
189 196
190 146
190 191
190 228
191 33
191 48
191 115
191 156
191 190
191 252
192 2
192 17
193 24
193 25
193 51
193 143
194 38
194 89
194 109
194 113
194 119
194 263
195 2
195 17
195 26
195 32
195 44
195 52
195 58
195 166
196 3
196 5
196 6
196 7
196 26
196 32
196 44
196 52
196 55
196 88
196 189
196 258
196 265
197 19
197 24
197 72
197 111
198 6
198 12
198 14
198 16
198 61
198 167
198 217
198 228
198 229
199 11
199 31
199 42
199 63
199 130
200 33
200 39
200 48
200 217
200 230
201 33
201 35
201 144
202 36
202 166
203 78
203 79
203 102
203 118
203 144
203 163
204 18
204 52
204 92
204 129
205 130
205 160
205 164
206 26
206 41
206 77
206 78
206 96
206 141
206 163
206 230
206 249
208 67
208 92
208 145
209 79
209 96
209 100
209 101
209 210
209 219
210 131
210 209
210 254
211 1
211 44
211 52
211 145
212 30
212 72
212 79
213 13
213 34
213 57
213 148
213 258
214 121
215 50
215 87
215 111
215 177
216 44
216 52
216 136
217 14
217 48
217 77
217 108
217 146
217 198
217 200
218 94
218 99
218 104
218 137
219 32
219 41
219 53
219 138
219 162
219 209
219 238
220 43
220 159
220 265
222 59
222 263
224 20
224 84
225 19
225 41
225 42
225 63
225 85
225 100
226 19
226 77
226 82
226 162
228 5
228 190
228 198
228 263
229 119
229 147
229 198
229 263
230 12
230 48
230 50
230 200
230 206
230 263
231 35
231 77
232 2
232 6
232 7
232 17
232 20
232 31
232 114
233 3
233 5
234 3
234 5
236 252
236 254
237 53
237 77
237 90
238 12
238 30
238 219
238 263
239 39
239 84
239 108
239 141
240 1
240 3
240 5
241 110
242 1
242 6
242 28
242 272
243 23
243 263
244 12
244 53
244 56
244 263
245 51
246 248
246 263
247 285
248 246
248 263
249 38
249 97
249 206
249 263
250 99
250 263
251 53
251 263
252 16
252 142
252 144
252 162
252 191
252 236
253 263
254 210
254 236
255 64
255 101
255 176
256 15
256 65
257 16
257 39
257 60
257 68
257 131
257 181
257 185
257 261
258 184
258 196
258 213
258 271
258 286
258 287
258 288
258 289
258 290
258 291
258 292
258 293
258 294
258 295
259 64
259 171
260 16
260 41
260 48
260 115
261 64
261 139
261 188
261 257
262 120
262 158
263 194
263 222
263 228
263 229
263 230
263 238
263 243
263 244
263 246
263 248
263 249
263 250
263 251
263 253
263 268
263 269
263 296
263 297
264 8
264 13
264 94
264 104
264 285
265 55
265 196
265 220
266 76
266 166
266 183
267 65
267 126
268 263
269 263
270 75
270 285
271 13
271 258
272 1
272 92
272 153
272 242
274 5
275 15
275 75
275 285
276 58
276 126
276 281
277 65
278 36
278 71
278 285
279 71
279 155
279 285
280 281
281 276
281 280
284 2
284 9
284 55
284 172
285 2
285 4
285 68
285 71
285 75
285 76
285 88
285 126
285 137
285 247
285 264
285 270
285 275
285 278
285 279
286 258
287 258
288 258
289 258
290 258
291 258
292 258
293 258
294 258
295 258
296 263
297 263